111111111 1
111111110 6
111111101 3
111111100 0
111111011 6
111111010 3
111111001 4
111111000 8
111110111 5
111110110 3
111110101 3
111110100 0
111110011 9
111110010 5
111110001 5
111110000 2
111101111 3
111101110 5
111101101 2
111101100 2
111101011 5
111101010 0
111101001 2
111101000 2
111100111 9
111100110 0
111100101 3
111100100 6
111100011 1
111100010 0
111100001 1
111100000 0
111011111 6
111011110 1
111011101 4
111011100 9
111011011 8
111011010 6
111011001 3
111011000 5
111010111 7
111010110 0
111010101 1
111010100 4
111010011 2
111010010 6
111010001 3
111010000 6
111001111 1
111001110 2
111001101 0
111001100 0
111001011 5
111001010 6
111001001 3
111001000 4
111000111 4
111000110 9
111000101 7
111000100 7
111000011 0
111000010 7
111000001 6
111000000 2
110111111 7
110111110 9
110111101 1
110111100 1
110111011 4
110111010 3
110111001 7
110111000 8
110110111 9
110110110 8
110110101 7
110110100 0
110110011 1
110110010 2
110110001 7
110110000 2
110101111 4
110101110 6
110101101 3
110101100 4
110101011 1
110101010 3
110101001 6
110101000 3
110100111 7
110100110 8
110100101 3
110100100 5
110100011 2
110100010 6
110100001 3
110100000 1
110011111 4
110011110 8
110011101 7
110011100 9
110011011 0
110011010 5
110011001 9
110011000 1
110010111 2
110010110 5
110010101 7
110010100 7
110010011 0
110010010 7
110010001 7
110010000 4
110001111 2
110001110 2
110001101 0
110001100 6
110001011 4
110001010 4
110001001 9
110001000 9
110000111 4
110000110 7
110000101 8
110000100 9
110000011 8
110000010 0
110000001 6
110000000 0
101111111 7
101111110 7
101111101 1
101111100 1
101111011 8
101111010 2
101111001 6
101111000 1
101110111 5
101110110 0
101110101 5
101110100 7
101110011 3
101110010 8
101110001 9
101110000 3
101101111 2
101101110 7
101101101 9
101101100 0
101101011 4
101101010 6
101101001 6
101101000 9
101100111 4
101100110 6
101100101 1
101100100 0
101100011 3
101100010 0
101100001 3
101100000 4
101011111 9
101011110 1
101011101 3
101011100 9
101011011 7
101011010 5
101011001 6
101011000 5
101010111 8
101010110 8
101010101 4
101010100 2
101010011 2
101010010 7
101010001 6
101010000 3
101001111 3
101001110 2
101001101 2
101001100 5
101001011 7
101001010 0
101001001 6
101001000 3
101000111 7
101000110 5
101000101 4
101000100 5
101000011 1
101000010 6
101000001 6
101000000 8
100111111 2
100111110 7
100111101 8
100111100 0
100111011 9
100111010 3
100111001 1
100111000 4
100110111 9
100110110 4
100110101 0
100110100 8
100110011 9
100110010 0
100110001 4
100110000 8
100101111 2
100101110 7
100101101 5
100101100 8
100101011 3
100101010 6
100101001 3
100101000 4
100100111 8
100100110 0
100100101 0
100100100 5
100100011 0
100100010 8
100100001 4
100100000 1
100011111 3
100011110 2
100011101 8
100011100 1
100011011 1
100011010 8
100011001 3
100011000 3
100010111 6
100010110 3
100010101 3
100010100 1
100010011 6
100010010 7
100010001 1
100010000 6
100001111 4
100001110 8
100001101 5
100001100 8
100001011 4
100001010 1
100001001 6
100001000 2
100000111 4
100000110 8
100000101 2
100000100 7
100000011 1
100000010 4
100000001 8
100000000 8
011111111 9
011111110 7
011111101 7
011111100 8
011111011 5
011111010 9
011111001 0
011111000 7
011110111 9
011110110 2
011110101 2
011110100 5
011110011 0
011110010 7
011110001 5
011110000 7
011101111 7
011101110 1
011101101 4
011101100 7
011101011 9
011101010 2
011101001 2
011101000 9
011100111 2
011100110 2
011100101 6
011100100 3
011100011 9
011100010 9
011100001 1
011100000 9
011011111 8
011011110 7
011011101 2
011011100 1
011011011 4
011011010 3
011011001 7
011011000 3
011010111 0
011010110 6
011010101 0
011010100 6
011010011 0
011010010 2
011010001 7
011010000 8
011001111 8
011001110 8
011001101 7
011001100 2
011001011 4
011001010 3
011001001 2
011001000 3
011000111 2
011000110 6
011000101 8
011000100 2
011000011 1
011000010 4
011000001 8
011000000 0
010111111 7
010111110 5
010111101 1
010111100 0
010111011 1
010111010 0
010111001 9
010111000 7
010110111 8
010110110 0
010110101 5
010110100 6
010110011 9
010110010 1
010110001 0
010110000 4
010101111 4
010101110 0
010101101 4
010101100 3
010101011 7
010101010 2
010101001 9
010101000 0
010100111 7
010100110 3
010100101 5
010100100 3
010100011 9
010100010 2
010100001 6
010100000 0
010011111 6
010011110 6
010011101 5
010011100 6
010011011 9
010011010 9
010011001 2
010011000 6
010010111 7
010010110 0
010010101 3
010010100 8
010010011 5
010010010 3
010010001 8
010010000 3
010001111 6
010001110 3
010001101 8
010001100 7
010001011 6
010001010 5
010001001 9
010001000 0
010000111 6
010000110 9
010000101 1
010000100 0
010000011 7
010000010 1
010000001 8
010000000 2
001111111 5
001111110 7
001111101 0
001111100 5
001111011 0
001111010 7
001111001 0
001111000 6
001110111 6
001110110 9
001110101 0
001110100 9
001110011 1
001110010 9
001110001 5
001110000 2
001101111 8
001101110 2
001101101 8
001101100 0
001101011 2
001101010 4
001101001 2
001101000 5
001100111 9
001100110 7
001100101 1
001100100 3
001100011 1
001100010 9
001100001 2
001100000 3
001011111 4
001011110 9
001011101 8
001011100 5
001011011 4
001011010 0
001011001 0
001011000 5
001010111 3
001010110 0
001010101 6
001010100 8
001010011 6
001010010 3
001010001 1
001010000 7
001001111 8
001001110 8
001001101 2
001001100 3
001001011 6
001001010 7
001001001 2
001001000 4
001000111 0
001000110 0
001000101 7
001000100 2
001000011 1
001000010 7
001000001 9
001000000 8
000111111 0
000111110 9
000111101 7
000111100 8
000111011 5
000111010 6
000111001 5
000111000 8
000110111 1
000110110 4
000110101 2
000110100 0
000110011 0
000110010 4
000110001 8
000110000 3
000101111 5
000101110 2
000101101 6
000101100 1
000101011 6
000101010 0
000101001 3
000101000 9
000100111 5
000100110 7
000100101 8
000100100 4
000100011 6
000100010 2
000100001 5
000100000 9
000011111 6
000011110 3
000011101 5
000011100 2
000011011 0
000011010 8
000011001 4
000011000 7
000010111 1
000010110 6
000010101 1
000010100 8
000010011 6
000010010 3
000010001 1
000010000 8
000001111 9
000001110 3
000001101 6
000001100 9
000001011 8
000001010 1
000001001 0
000001000 1
000000111 2
000000110 5
000000101 0
000000100 1
000000011 0
000000010 2
000000001 5
000000000 1
