255.93  263.74  254.738  271.65  239.348  237.746  265.042  246.274  255.528  261.7  260.118  259.24  263.972  251.712  255.95  254.16  248.468  245.038  255.574  249.72  256.998  272.832  252.532  271.546  261.46  292.782  257.44  250.494  228.824  248.016  249.164  271.214  272.622  263.528  254.078  250.338  257.696  228.398  268.522  265.206  254.07  264.242  247.428  255.788  280.834  241.834  255.196  247.578  248.976  256.81  254.978  ;
28.55  29.43  29.388  29.4  28.484  31.254  32.67  34.6  34.098  36.8  38.458  39.398  36.71  41.308  37.954  45.914  43.65  44.382  43.204  46.076  54.276  49.762  48.75  56.442  56.816  62.776  63.96  64.458  64.536  76.4  74.856  72.492  84.114  90.112  91.936  99.302  103.778  109.404  116.12  114.352  125.942  142.712  144.852  161.078  180.186  189.118  207.344  219.974  222.916  271.208  267.15  ;
19.886  20.186  20.386  19.998  20.58  19.752  20.716  20.974  21.408  21.99  24.408  22.448  21.834  23.524  22.512  24.822  27.072  26.42  28.524  27.594  27.334  27.554  30.6  33.594  32.896  34.892  37.096  36.75  40.308  39.646  46.584  49.356  52.078  54.872  57.32  62.842  69.692  74.208  76.602  87.774  93.832  111.754  112.526  122.764  144.482  154.654  169.592  197.646  236.728  288.15  325.462  ;
23.672  23.188  20.566  23.108  22.88  21.714  20.882  20.528  18.526  21.19  20.146  21.844  22.472  21.396  20.464  21.774  22.904  23.934  22.978  24.586  23.068  23.602  25.636  24.084  26.846  28.394  29.592  28.284  32.424  33.16  34.412  37.804  41.228  43.194  45.662  46.204  53.466  55.584  60.014  68.29  76.518  83.058  96.098  102.654  124.82  134.822  162.13  180.426  215.22  284.834  292.7  ;
35.266  31.57  29.792  27.508  28.878  26.978  23.496  21.854  21.17  21.52  20.786  22.242  19.956  21.886  20.838  21.918  22.608  20.914  22.658  20.796  21.788  23.316  23.546  24.034  25.436  24.762  25.376  28.086  29.16  29.792  30.602  32.878  37.69  37.316  39.074  43.666  46.488  49.964  55.594  62.708  64.67  71.866  87.586  94.778  107.608  134.368  156.48  167.044  222.612  265.482  343.198  ;
54.588  49.708  44.95  37.216  36.674  30.698  27.212  27.398  29.486  25.406  22.702  23.29  22.166  22.772  20.748  21.358  21.684  21.054  21.57  22.76  21.618  21.048  21.412  23.226  24.06  22.304  23.178  24.908  27.242  26.596  29.768  29.47  32.69  33.36  37.616  38.694  42.104  48.178  54.206  54.902  60.682  66.988  75.55  90.906  106.82  116.348  153.866  183.312  211.34  259.462  363.038  ;
101.332  78.166  64.812  48.02  45.654  39.07  34.23  30.484  30.97  30.68  24.468  27.756  24.696  24.232  23.588  24.61  22.76  22.482  20.152  22.126  21.952  22.352  20.598  21.992  22.994  22.7  23.422  24.946  27.954  25.526  29.696  29.28  33.082  35.168  35.736  38.39  44.232  46.248  48.624  54.0  60.378  72.804  78.148  88.906  104.926  111.334  139.45  175.222  204.892  271.942  328.0  ;
229.832  120.338  87.69  63.926  48.724  48.43  41.842  33.156  33.934  31.868  27.38  25.498  24.89  21.862  22.594  23.136  21.634  22.542  20.57  22.886  21.24  20.558  20.404  22.05  21.49  22.636  22.752  24.934  26.348  24.842  25.828  28.67  32.852  32.09  35.824  37.904  40.758  44.216  51.2  51.35  57.162  63.788  76.03  88.07  99.508  112.146  146.196  173.854  203.988  270.556  342.626  ;
496.396  181.716  110.36  81.014  61.444  55.25  38.362  39.588  34.624  28.38  28.186  25.09  24.51  23.706  24.732  23.114  24.576  21.412  21.534  21.6  19.266  21.91  22.538  22.132  22.07  23.22  22.982  24.08  27.382  26.032  26.89  29.146  28.202  32.45  35.58  36.524  38.928  44.23  48.618  51.458  63.162  70.022  84.81  94.428  100.08  108.698  144.686  162.686  200.552  280.06  336.82  ;



274.824  256.944  255.618  232.858  256.538  247.078  257.988  273.452  254.802  267.304  260.746  243.052  269.478  260.528  252.878  250.414  267.45  257.132  245.822  277.526  252.664  262.19  259.412  235.386  252.744  250.406  262.358  254.088  246.414  252.146  246.196  242.348  250.21  253.766  233.126  256.102  238.668  256.182  255.046  244.428  253.18  263.09  245.546  252.386  262.202  287.35  243.198  245.24  269.962  274.152  227.71  ;
28.95  27.61  28.362  30.944  32.504  29.178  34.102  32.52  35.182  33.394  35.924  36.126  36.572  43.184  39.278  47.628  42.608  44.294  45.666  45.13  48.81  50.144  51.484  54.028  60.326  57.512  63.504  67.898  67.008  65.828  68.286  79.958  87.722  91.288  90.892  99.66  107.124  110.746  116.722  123.972  132.256  128.656  151.81  152.046  170.448  173.974  227.344  212.764  226.058  257.59  274.424  ;
19.734  19.912  19.948  20.436  19.904  20.13  21.21  20.672  21.8  21.102  21.37  23.09  24.212  23.348  24.386  25.13  24.86  28.352  26.656  28.084  30.492  28.424  31.062  33.04  35.11  36.982  36.632  37.182  43.066  41.256  43.108  46.15  50.418  56.392  55.414  60.064  70.154  71.464  78.098  88.052  93.17  107.352  112.974  136.046  143.214  159.328  193.4  190.948  231.95  267.488  315.338  ;
23.104  22.724  21.248  21.784  20.256  22.176  23.182  20.854  19.77  20.406  21.558  20.376  19.962  20.052  21.878  21.924  21.926  21.934  21.74  21.45  23.632  25.258  24.228  25.764  26.306  26.932  28.462  30.216  33.214  31.14  35.478  36.622  38.294  42.678  47.236  44.958  52.304  57.106  61.54  65.856  70.926  79.822  88.238  109.992  118.16  144.506  159.84  188.556  218.306  267.162  303.658  ;
35.38  33.066  30.102  27.186  25.496  24.444  24.902  25.34  23.058  22.15  21.048  21.374  20.618  22.452  21.388  21.166  20.05  20.792  19.908  20.766  22.542  23.154  22.076  23.8  24.726  24.986  26.042  27.164  29.966  29.9  31.318  29.438  33.886  38.072  41.772  45.564  44.68  50.806  52.81  66.166  61.142  76.764  87.002  95.61  105.552  124.834  142.322  176.344  201.498  272.474  322.69  ;
59.432  52.74  46.974  40.748  34.682  36.068  30.762  29.672  26.99  25.562  24.256  23.496  22.812  23.296  20.418  21.14  22.198  20.822  20.916  20.41  22.642  23.536  21.42  22.978  21.764  23.884  27.138  23.94  26.304  25.946  28.636  30.172  32.676  34.344  37.392  36.642  43.178  50.468  49.426  54.422  63.628  71.844  79.982  95.308  101.152  117.286  139.882  188.342  197.22  268.494  324.478  ;
124.378  88.58  61.396  58.13  43.05  37.106  35.042  31.354  30.026  28.474  25.86  28.402  24.156  24.298  21.47  23.254  21.902  20.38  19.922  21.126  21.974  22.972  21.676  20.498  23.004  23.134  24.2  24.44  25.298  26.226  27.478  28.99  31.488  33.472  36.65  34.586  39.986  44.582  47.108  53.88  61.924  68.36  80.56  93.146  102.332  113.77  140.54  175.19  229.738  269.724  365.93  ;
237.004  121.73  87.098  66.284  52.482  46.364  39.404  37.7  34.288  33.016  27.804  25.024  25.048  24.364  22.206  21.926  23.344  22.396  22.732  22.164  21.474  22.898  20.502  22.282  22.258  24.042  23.964  26.23  24.148  26.08  27.432  29.844  32.012  34.88  34.78  36.528  39.982  46.776  47.878  55.946  63.714  68.066  76.188  83.45  100.532  112.432  136.126  171.948  222.22  271.12  337.962  ;
552.08  159.592  103.872  77.762  59.262  52.47  44.86  35.488  33.98  31.11  31.03  26.012  25.656  24.862  22.972  22.734  22.788  21.256  21.216  20.638  22.698  22.148  22.662  22.736  22.316  23.714  22.862  24.782  24.422  26.46  26.56  26.706  32.11  30.408  32.632  35.006  40.258  42.25  48.882  52.28  57.386  64.202  78.86  86.272  100.206  112.192  130.738  165.884  202.292  256.436  335.122  ;



258.698  248.942  268.922  258.968  240.214  247.28  254.354  252.932  249.496  247.472  274.84  251.73  257.44  276.9  225.282  272.612  247.354  255.048  259.946  259.182  254.146  243.912  278.342  260.59  262.02  244.896  264.624  261.096  245.05  254.802  263.848  261.478  271.502  269.228  246.434  258.202  267.74  251.084  240.324  252.184  248.248  270.924  257.506  255.232  259.668  256.164  255.04  241.148  249.508  266.434  257.81  ;
25.688  28.328  31.534  30.488  29.576  29.72  32.494  32.394  34.558  32.756  38.764  35.252  36.666  41.592  40.294  42.234  44.666  48.084  48.392  49.872  51.526  54.238  56.474  55.026  59.648  58.192  61.034  65.436  67.326  70.908  75.29  80.832  92.074  90.754  91.056  95.304  98.276  110.98  107.57  120.678  130.816  140.138  145.006  165.486  167.494  178.34  186.988  224.556  226.358  242.18  274.07  ;
19.642  21.37  20.616  21.65  20.892  20.39  18.862  21.966  20.766  21.096  23.462  22.626  22.738  22.526  24.9  23.934  26.452  24.592  27.288  25.976  28.566  29.87  28.886  29.622  32.462  34.314  35.324  36.832  41.28  43.722  47.39  45.216  50.652  54.088  59.77  61.418  72.814  69.31  78.112  84.408  97.448  95.926  108.42  128.104  133.908  154.392  174.99  197.684  225.43  237.524  295.02  ;
22.976  23.212  22.17  22.58  22.078  20.958  20.304  21.45  21.514  20.89  20.566  20.592  20.112  20.102  20.064  22.48  20.98  20.77  21.312  22.68  22.654  24.282  26.228  25.454  26.494  29.306  29.686  29.98  32.666  31.258  35.94  37.758  38.234  40.916  43.94  46.89  52.7  57.288  66.8  64.652  68.876  86.742  94.51  97.59  112.508  142.192  152.79  180.034  241.262  267.464  330.032  ;
34.538  32.564  29.512  27.37  25.506  27.098  26.326  25.568  23.122  22.118  22.174  23.854  20.026  20.39  22.912  23.132  21.71  22.154  20.776  21.716  20.59  20.674  23.068  25.306  23.998  24.65  27.994  27.678  29.894  27.32  29.25  31.19  35.854  39.098  36.532  43.332  46.168  50.308  58.584  58.636  66.948  72.232  79.024  99.148  107.576  121.97  156.688  162.312  201.24  266.37  325.656  ;
63.896  48.22  47.47  37.708  34.304  35.006  30.918  24.75  26.272  26.202  24.188  22.176  25.712  23.044  21.344  21.938  21.92  22.05  20.556  21.246  21.332  21.75  20.954  23.08  24.398  24.264  24.828  26.438  26.926  25.638  31.066  29.708  33.456  33.964  36.696  41.432  41.768  46.294  55.416  59.234  60.736  71.808  77.376  94.04  99.514  127.774  133.778  171.024  201.472  286.3  311.704  ;
113.588  80.446  63.512  50.434  47.48  40.838  34.328  32.692  29.762  28.414  28.046  22.886  24.1  23.762  23.56  23.19  20.946  19.966  20.096  21.226  22.74  18.234  22.042  22.204  22.656  24.45  26.934  25.648  26.826  26.67  28.234  28.416  30.264  32.44  37.596  37.368  39.502  47.348  50.782  54.716  63.154  73.614  78.7  91.332  110.17  122.824  140.066  179.064  197.848  245.592  344.548  ;
211.878  112.416  83.712  66.12  51.736  42.224  37.69  34.438  31.796  31.248  29.286  26.442  25.662  22.836  21.358  24.424  23.128  22.89  21.592  22.1  23.162  22.076  20.55  21.934  22.278  23.31  22.82  23.41  25.884  26.252  27.982  27.982  30.456  33.186  34.328  41.222  39.268  46.07  47.292  53.666  59.71  65.836  75.584  86.372  100.404  115.464  148.218  164.464  213.756  260.82  345.252  ;
434.898  169.294  123.084  72.86  60.934  49.78  46.67  39.174  33.702  32.818  28.12  26.06  24.894  24.258  20.208  21.648  22.22  20.83  21.536  22.12  22.316  20.804  21.964  23.164  23.32  20.974  23.27  25.354  23.594  27.448  28.956  29.566  29.228  33.438  33.49  36.472  39.486  47.626  46.706  50.246  60.34  62.304  74.588  80.408  103.122  116.718  143.098  176.696  227.862  259.63  343.322  ;



255.72  253.832  259.984  266.562  243.148  248.81  263.348  249.554  238.548  258.478  251.728  244.076  279.862  242.78  273.12  256.872  270.922  263.27  243.234  243.608  248.772  259.358  241.204  288.018  261.696  272.6  250.102  267.786  247.064  267.042  264.262  271.626  263.224  254.654  270.874  242.416  257.266  250.182  275.35  261.628  283.106  252.054  252.364  238.37  263.032  250.462  256.012  256.28  263.746  245.612  262.888  ;
28.714  28.838  30.818  29.426  29.154  32.752  32.308  32.506  32.412  35.076  38.194  36.72  38.762  37.906  41.916  42.232  43.458  42.414  49.884  49.05  54.002  49.346  55.8  60.678  54.536  63.096  62.176  65.55  66.956  70.118  78.958  83.556  85.804  84.952  91.87  95.44  105.822  112.94  115.272  127.894  137.524  137.888  156.246  158.21  180.094  176.968  197.522  221.266  244.46  282.396  273.318  ;
19.214  19.934  19.836  18.586  20.33  21.626  21.848  21.402  19.976  22.924  23.586  22.606  22.348  24.664  25.672  26.302  27.004  25.66  28.022  27.42  30.132  28.31  31.556  32.538  33.832  32.618  36.892  37.926  41.026  40.164  47.658  49.662  52.848  54.46  55.918  61.104  65.112  69.988  72.886  91.446  96.464  91.376  116.732  128.37  130.412  163.538  159.572  187.096  229.248  264.066  281.402  ;
21.97  22.018  20.558  22.728  21.922  20.788  18.652  20.916  20.618  20.504  20.56  21.134  20.76  19.802  22.26  21.492  21.596  23.114  24.156  22.934  24.122  24.632  25.896  24.896  27.812  28.144  28.718  29.172  32.27  31.008  35.102  35.528  41.444  41.776  45.308  47.264  51.288  58.476  61.63  66.576  71.12  86.404  93.16  106.728  112.836  146.678  168.218  184.41  223.646  257.744  304.656  ;
36.066  34.246  30.508  27.64  28.33  26.546  24.05  22.51  25.272  23.398  21.524  21.076  22.092  21.224  21.2  20.32  21.484  20.902  21.958  20.444  22.72  22.298  23.07  23.99  23.148  24.43  25.532  28.414  27.746  30.048  31.572  31.182  30.554  38.924  38.108  36.968  44.998  51.274  52.156  62.912  68.162  78.376  86.536  100.404  122.444  137.868  144.444  187.238  214.254  253.732  344.066  ;
62.394  49.076  49.022  37.466  35.198  28.97  30.636  28.876  25.716  26.724  22.61  22.444  23.576  21.534  21.354  22.484  22.57  21.416  20.78  19.54  22.272  21.308  22.006  24.058  22.848  24.73  24.486  25.032  26.94  27.116  28.8  29.516  32.63  33.868  36.404  38.628  43.338  46.494  50.414  55.216  65.224  69.94  76.58  92.51  102.862  129.534  136.512  176.84  207.574  246.554  338.354  ;
129.988  78.924  64.648  49.086  42.71  40.246  38.776  32.4  31.956  26.232  28.89  26.588  24.578  22.91  22.77  23.448  22.632  22.706  21.702  22.268  21.016  21.928  23.17  23.386  22.204  21.922  23.95  25.796  25.172  26.15  29.824  28.326  33.284  31.498  35.512  39.166  43.484  45.834  51.704  50.934  57.7  72.018  75.056  90.42  101.936  116.578  134.2  168.618  221.166  272.794  350.634  ;
212.944  130.456  86.644  62.358  56.276  45.07  42.984  33.752  28.33  34.562  28.024  27.13  26.188  22.782  23.614  23.772  22.714  20.544  20.688  21.184  22.256  19.222  22.028  22.298  22.2  22.012  22.398  24.258  24.928  26.382  27.744  28.874  31.706  31.72  34.752  39.154  41.222  40.25  47.922  53.726  56.742  67.198  77.576  88.488  98.924  123.4  137.612  158.564  208.878  288.126  335.972  ;
573.058  199.528  104.808  74.168  59.25  47.404  43.876  38.652  37.68  32.948  30.76  28.352  26.306  26.022  25.546  23.43  21.692  23.296  21.88  20.898  22.314  22.31  22.338  20.618  21.914  24.338  24.684  25.37  23.102  24.998  27.076  29.372  32.774  31.586  33.036  41.536  41.86  43.978  47.72  54.768  61.028  66.892  66.182  90.168  99.176  119.992  135.274  163.208  196.682  234.412  363.602  ;



269.464  251.442  251.558  252.688  254.95  265.658  258.86  261.57  248.182  232.642  249.858  261.442  226.484  248.988  266.774  257.172  255.014  263.41  234.86  246.054  246.148  277.268  238.062  241.802  246.708  249.21  263.89  244.234  261.716  257.062  254.8  257.958  262.56  257.13  277.888  270.994  251.034  251.976  247.422  258.512  259.524  253.91  256.348  265.682  253.09  257.486  244.152  233.772  262.764  265.24  260.444  ;
27.124  30.066  31.024  29.766  29.88  31.552  32.48  33.942  35.788  35.778  34.956  36.712  41.27  41.642  39.662  41.98  42.0  41.246  48.502  48.598  49.71  50.49  52.016  57.036  66.582  62.372  59.972  68.538  71.908  68.634  72.552  75.554  82.394  83.62  92.302  104.174  98.622  114.976  124.368  122.434  131.93  147.026  154.466  163.396  172.032  183.82  199.038  223.242  241.744  264.842  268.476  ;
19.64  21.8  20.426  20.214  21.364  20.658  19.4  21.18  20.65  22.22  22.836  23.532  23.758  23.132  25.834  24.356  26.518  26.774  29.402  28.708  27.988  30.862  31.342  33.318  34.028  36.744  37.718  38.116  39.064  41.874  44.074  48.842  49.082  53.486  56.02  61.044  72.786  76.354  71.656  86.344  89.692  105.778  110.048  137.064  136.75  147.554  169.156  185.576  218.974  261.544  303.38  ;
23.672  25.112  21.698  21.768  20.82  22.644  19.838  19.582  20.086  20.418  19.092  21.448  21.112  19.95  21.968  21.07  21.014  20.492  24.074  22.75  23.638  23.9  23.472  26.27  26.578  26.224  29.206  31.408  33.306  33.352  34.338  35.15  41.33  39.998  44.19  49.198  55.23  56.214  60.766  68.412  77.806  84.31  94.818  100.612  114.99  130.884  154.04  179.822  230.064  252.448  303.712  ;
32.494  31.722  29.398  26.568  25.544  23.986  23.57  23.976  24.264  23.884  21.884  21.472  21.944  19.366  21.55  21.138  20.45  21.318  21.244  22.02  23.556  20.46  22.872  22.476  24.4  24.9  27.782  26.644  27.55  29.79  29.734  32.334  35.506  38.414  38.67  44.04  48.542  48.796  52.93  65.844  68.912  73.964  82.882  96.498  107.036  126.586  140.7  166.558  233.024  250.592  321.87  ;
52.45  47.832  43.71  41.096  37.038  28.486  31.76  26.91  28.444  26.65  24.246  23.646  21.204  24.174  22.284  23.4  22.962  21.192  22.736  20.712  21.902  21.0  23.166  23.068  23.266  25.372  24.072  25.126  25.07  28.388  32.308  32.172  33.556  35.372  35.28  39.532  41.808  43.396  50.7  55.272  62.506  71.496  74.088  86.424  102.794  123.188  152.578  166.648  199.682  263.152  318.114  ;
109.712  73.468  55.22  45.922  42.692  40.346  33.776  34.23  31.14  26.166  26.288  25.712  23.736  21.944  22.724  21.13  23.516  21.408  20.508  21.878  20.466  22.436  22.086  21.61  23.774  23.222  23.176  25.202  25.572  27.96  28.906  33.776  29.992  32.3  35.368  39.274  43.962  47.382  48.868  54.382  59.714  74.624  79.674  87.67  102.986  113.06  139.196  174.776  232.56  263.942  333.874  ;
206.252  111.034  81.978  65.842  48.762  41.948  39.902  35.092  29.978  31.386  29.97  26.52  24.5  24.138  25.832  22.162  23.666  21.408  21.662  21.118  22.46  21.694  22.19  23.008  21.23  22.756  24.318  24.408  27.102  26.808  27.928  28.83  31.194  33.302  34.268  38.748  39.23  45.2  45.436  52.31  57.158  65.834  77.82  87.884  94.95  111.034  134.816  183.142  225.534  247.384  319.576  ;
649.128  155.802  105.284  84.45  65.21  47.394  42.402  38.768  32.374  30.27  29.586  27.508  25.162  24.49  23.246  23.604  21.254  21.152  21.788  22.878  20.472  21.202  22.272  21.62  23.628  23.638  24.472  24.982  27.216  24.256  27.576  28.182  29.064  30.27  34.276  35.906  41.326  44.074  48.052  53.362  60.462  64.494  77.862  91.268  106.768  115.448  138.056  169.85  230.25  289.062  338.01  ;



252.06  272.224  241.052  253.716  277.78  255.188  252.808  265.906  264.774  251.892  263.912  237.396  271.766  257.192  246.29  258.806  267.774  264.668  212.382  255.698  252.602  231.094  262.112  231.398  276.618  258.276  246.088  257.296  255.374  237.368  244.58  247.468  249.332  251.474  261.546  268.506  253.498  260.6  226.358  258.11  267.48  254.442  274.512  246.668  226.21  258.248  263.268  265.674  238.996  241.248  254.404  ;
28.342  28.524  28.884  31.356  29.54  33.87  31.94  36.292  33.79  35.21  36.782  36.324  34.982  36.798  42.446  43.898  43.732  45.928  47.498  50.424  50.388  52.236  52.584  53.128  59.002  60.484  57.304  68.532  65.094  69.198  74.464  74.66  87.902  90.064  95.604  92.554  103.098  108.204  117.348  126.654  131.438  142.528  153.814  163.15  175.072  177.722  207.596  200.838  246.078  246.628  280.968  ;
19.116  19.98  19.574  20.332  19.886  20.818  21.044  20.762  20.806  20.272  23.09  22.522  22.212  24.416  23.18  25.108  25.68  24.966  25.826  28.052  30.678  29.438  31.022  31.182  31.062  38.412  38.492  36.912  43.63  40.34  46.552  43.604  51.306  56.85  57.634  61.676  68.906  67.832  80.776  89.138  86.238  102.738  111.58  124.28  132.746  147.812  179.466  189.878  229.604  253.538  292.568  ;
24.768  23.694  21.956  22.676  21.572  21.414  20.282  20.406  21.384  20.694  21.112  21.124  19.724  20.978  20.526  20.87  22.126  22.934  22.29  22.632  23.56  23.862  23.342  25.072  29.168  26.628  27.786  28.676  33.036  30.81  35.57  37.71  38.57  41.248  45.798  47.1  51.892  56.168  62.044  68.06  74.114  87.222  93.292  105.542  127.29  136.852  156.276  179.866  213.856  263.654  345.894  ;
35.558  32.808  30.516  26.896  25.894  26.32  26.874  25.068  24.852  23.252  21.52  20.372  21.82  21.874  20.15  21.24  21.492  22.27  20.532  20.712  23.906  22.426  24.616  24.74  23.516  26.204  27.284  27.414  27.628  27.036  29.86  31.938  34.922  37.362  39.676  44.042  48.22  52.81  58.684  59.788  67.676  79.568  89.586  95.832  109.548  133.712  143.976  180.758  210.106  257.876  308.47  ;
61.748  48.672  40.81  37.1  35.272  32.292  30.388  28.844  28.156  27.462  22.648  24.924  22.862  22.09  21.736  20.99  23.772  21.288  20.958  19.066  22.808  22.158  20.592  22.616  23.942  23.412  27.182  25.114  25.694  26.316  28.456  32.654  32.61  30.268  38.104  39.254  44.554  47.378  51.878  60.46  63.55  68.994  80.382  94.18  107.892  126.29  142.582  171.448  199.066  280.058  370.148  ;
107.302  75.59  65.706  51.378  42.928  36.92  35.816  33.736  28.852  26.348  27.084  23.592  25.494  22.924  22.092  21.056  22.408  21.866  19.86  21.734  21.11  20.892  22.746  23.912  22.982  22.766  23.704  26.552  23.898  27.3  27.808  28.292  30.98  32.722  36.152  38.324  41.38  42.29  48.678  51.67  62.87  71.726  72.042  95.224  105.642  118.69  143.174  173.09  218.398  268.966  372.704  ;
261.648  115.07  83.742  65.54  52.274  44.778  38.538  33.048  32.492  30.374  28.752  26.372  25.17  23.28  21.866  19.588  21.126  22.01  20.042  21.032  22.368  22.414  22.636  21.826  22.762  22.972  24.77  25.02  26.994  26.21  28.384  29.304  32.164  31.086  37.05  36.236  40.836  45.96  48.816  54.104  59.122  71.25  83.72  83.758  99.254  117.508  131.984  158.836  201.048  267.86  339.734  ;
546.884  172.886  102.212  75.048  63.758  51.3  40.026  38.81  33.87  31.97  29.484  28.33  26.05  26.968  23.014  23.046  23.032  21.204  21.43  20.56  22.59  22.156  21.036  21.886  21.332  22.762  23.944  26.966  23.622  25.398  28.438  28.496  32.36  33.408  32.704  36.36  39.312  45.88  46.986  50.08  61.242  66.042  75.298  85.248  98.45  113.236  126.276  155.246  216.35  264.634  337.598  ;



252.592  244.256  239.348  279.028  274.916  263.474  254.334  269.23  265.058  256.292  255.02  264.6  249.614  268.96  257.022  249.956  272.692  240.224  233.538  269.598  243.978  253.628  254.416  271.0  257.99  234.308  266.726  255.386  255.234  256.9  262.178  262.552  248.448  267.108  265.16  238.034  248.83  275.552  254.704  269.024  250.906  271.238  245.692  246.226  251.18  250.814  242.816  252.942  245.998  239.438  282.226  ;
27.216  29.862  29.896  30.798  30.932  29.42  31.216  33.718  31.246  36.708  36.798  36.768  38.594  39.208  42.048  40.954  45.636  44.7  45.25  46.686  53.81  54.18  49.022  55.224  56.62  57.362  61.256  70.154  67.326  75.114  84.042  82.758  84.614  92.648  89.186  95.948  96.402  100.662  110.744  119.33  137.596  151.89  146.26  169.838  172.938  183.616  210.266  224.372  230.07  249.376  279.81  ;
19.796  19.95  20.734  20.796  20.956  21.118  20.126  21.318  21.506  21.438  23.582  22.916  22.902  25.126  24.496  26.216  22.366  26.798  27.202  28.892  27.958  31.28  30.994  33.686  34.256  36.588  39.204  39.506  37.978  41.434  45.766  48.088  51.052  56.55  58.084  60.992  64.956  67.206  78.068  80.928  90.586  98.24  111.964  131.388  139.53  150.906  169.3  200.838  238.316  272.73  299.098  ;
22.906  22.496  20.914  21.122  21.364  19.18  23.1  21.032  20.974  19.898  20.38  19.61  20.88  20.57  18.344  20.794  21.512  23.034  22.798  22.324  23.714  23.216  23.622  26.6  25.066  27.4  27.424  31.024  30.006  32.624  33.734  38.36  35.756  41.752  45.236  49.524  53.098  57.04  60.248  71.88  71.826  85.976  84.086  105.08  119.366  129.024  165.816  179.264  218.57  241.182  308.488  ;
35.53  32.514  31.42  28.466  27.34  26.698  26.23  24.628  24.234  23.07  21.36  22.58  22.288  22.576  23.34  21.074  22.072  21.194  21.906  20.126  21.4  23.492  22.8  22.802  23.376  22.342  26.74  26.462  27.546  29.452  31.04  33.338  35.276  37.428  39.3  44.232  46.892  51.28  55.712  56.462  65.902  75.58  83.776  95.148  98.962  121.984  141.626  173.194  213.264  264.992  321.054  ;
54.194  54.71  46.266  33.862  36.614  32.656  30.23  30.106  26.76  25.846  25.99  22.9  22.518  23.448  20.876  21.034  22.742  21.774  21.472  22.51  22.052  22.436  23.536  23.998  23.268  25.212  24.546  27.408  26.824  25.518  28.684  29.434  34.066  34.382  36.75  38.342  39.938  48.914  52.922  56.216  58.92  70.344  83.014  93.884  109.022  120.356  151.99  173.822  200.826  266.222  320.396  ;
128.284  82.612  66.18  53.418  45.618  37.746  37.418  34.032  30.594  28.25  26.002  23.552  25.188  21.574  22.576  22.846  22.628  21.478  21.122  22.688  20.71  20.056  22.288  22.306  22.932  22.502  25.704  24.354  25.612  25.404  28.294  28.532  32.062  32.708  36.17  35.402  43.984  46.064  49.632  50.932  63.13  64.248  76.2  91.274  101.014  116.452  148.694  165.406  201.83  257.502  333.09  ;
233.112  119.454  81.332  65.872  50.596  43.494  39.788  33.55  32.738  29.93  27.55  27.502  25.522  24.06  24.158  22.078  23.316  21.618  21.186  21.68  20.77  21.118  21.146  20.352  21.49  22.974  24.674  24.624  25.436  27.062  28.19  28.882  28.554  32.886  32.218  37.874  42.654  46.766  48.932  56.248  62.082  66.112  76.89  82.964  96.354  126.876  126.584  173.222  213.234  263.32  352.012  ;
544.128  164.874  91.276  78.922  59.028  53.062  39.762  40.088  36.59  32.674  30.398  29.124  24.922  23.518  24.296  26.286  23.108  22.934  22.654  21.326  20.158  22.866  22.524  23.038  21.73  22.306  23.984  23.926  24.286  24.208  29.2  26.984  31.8  32.78  35.346  39.778  39.462  41.194  46.862  51.156  62.032  66.694  69.818  85.888  101.954  128.952  141.528  167.28  210.464  274.978  343.63  ;



251.602  270.41  257.358  275.4  254.858  245.636  263.206  262.986  263.076  252.388  258.482  245.738  246.08  285.932  256.054  265.106  238.418  240.604  249.154  242.534  257.042  252.156  253.198  239.826  234.042  241.112  247.416  254.858  239.064  251.474  257.978  289.336  261.554  260.734  282.698  240.8  275.62  275.014  256.96  259.62  251.284  269.578  263.94  256.46  256.878  245.602  264.936  253.928  261.532  250.738  259.956  ;
28.542  28.3  28.718  29.23  30.418  31.896  33.542  33.504  33.572  36.698  36.55  39.414  39.566  39.864  40.992  43.23  43.78  42.312  46.018  46.078  46.358  50.544  51.888  59.348  56.946  60.726  66.96  68.962  69.498  75.138  76.954  77.062  92.274  85.546  90.678  96.732  103.524  105.154  128.266  126.112  127.662  142.672  165.8  161.222  152.646  177.472  216.754  224.402  246.138  242.598  277.148  ;
19.952  20.278  20.906  20.564  20.31  20.402  20.546  20.354  21.05  22.21  23.584  21.602  22.752  23.946  24.372  24.974  26.642  26.07  27.242  27.516  28.408  29.584  30.932  31.472  33.626  32.406  40.972  38.724  39.896  43.63  44.06  47.812  48.204  56.78  58.11  61.046  66.944  70.574  75.266  84.704  84.956  98.346  125.368  127.09  135.596  145.682  174.116  210.95  216.042  270.414  316.676  ;
22.322  22.25  20.598  22.994  23.042  20.262  20.754  21.692  22.184  21.3  20.272  20.394  22.382  20.686  20.394  21.656  21.97  21.794  22.336  21.988  22.7  24.158  25.368  27.068  26.93  29.788  28.124  30.274  33.65  34.054  33.694  36.56  37.996  42.026  49.208  47.372  55.924  54.66  63.836  64.88  79.88  81.554  94.588  103.702  118.006  131.222  166.398  183.284  201.84  266.084  323.89  ;
33.032  31.15  30.07  29.27  26.658  24.872  24.832  24.346  25.982  24.156  22.242  22.264  22.888  22.394  21.02  21.962  22.384  22.42  21.098  22.76  21.332  22.158  23.854  23.748  26.264  25.95  26.216  26.42  30.606  29.61  30.822  33.502  32.044  35.32  39.754  40.414  49.064  52.032  53.504  61.492  71.554  77.84  82.812  93.072  112.572  116.296  146.902  176.064  202.428  278.974  327.62  ;
66.206  46.456  44.966  37.59  36.528  31.706  32.37  30.1  28.61  24.398  24.936  23.192  22.752  23.546  20.58  23.832  20.828  22.048  20.998  22.78  23.21  20.046  21.294  22.404  23.912  23.874  24.554  28.144  25.462  27.398  27.896  30.958  31.734  33.45  36.646  38.692  43.244  44.714  53.876  57.732  63.444  66.972  80.996  89.628  113.786  120.724  147.974  176.78  211.426  290.746  311.6  ;
123.226  77.268  61.972  50.774  38.478  40.272  39.098  34.006  29.488  29.812  25.196  25.954  24.804  23.0  21.974  22.794  22.732  20.738  23.4  22.244  22.372  21.346  22.704  22.618  20.904  24.19  21.3  25.86  24.642  27.67  29.778  27.648  30.518  34.618  35.854  36.796  40.788  41.354  48.124  51.512  57.468  69.448  78.218  86.724  101.34  127.142  138.806  155.654  215.228  239.64  311.294  ;
221.378  113.618  86.184  62.162  56.374  50.08  40.826  36.504  31.772  28.848  24.122  27.796  26.896  22.384  24.058  23.888  21.956  23.392  22.744  20.648  22.646  22.108  22.822  23.092  21.986  21.806  24.016  24.57  23.996  27.546  29.678  27.822  30.984  31.36  33.666  36.56  39.21  44.622  48.756  50.57  57.576  65.786  73.548  82.346  110.906  115.314  134.308  181.556  205.518  252.686  339.138  ;
587.892  186.046  98.948  79.818  60.126  55.392  41.674  39.288  35.268  31.168  29.536  25.198  24.914  25.33  22.466  24.336  20.106  21.198  22.248  21.548  20.688  21.11  21.68  22.312  22.426  22.102  22.94  24.864  24.036  26.104  27.01  27.134  29.49  29.942  35.356  34.484  40.906  43.1  44.798  49.552  61.094  70.886  73.87  89.408  104.966  120.526  145.22  154.104  209.796  257.886  361.058  ;



